,Identifier.label,Identifier.RegionClass,Size.Area,Size.ConvexHullArea,Shape.Eccentricity,Shape.EquivalentDiameter,Shape.EulerNumber,Shape.Extent,Shape.MaxFeretDiameter,Size.FilledArea,Size.MajorAxisLength,Size.MinorAxisLength,Size.Perimeter,Shape.Solidity,Shape.FractalDimension,Shape.MinorMajorAxisRatio,Shape.Circularity,NuclearComposition.NormalizedPixelCount.CancerEpithelium,NuclearComposition.NormalizedPixelCount.NormalEpithelium,NuclearComposition.NormalizedPixelCount.StromalCellNOS,NuclearComposition.NormalizedPixelCount.TILsCell,NuclearComposition.NormalizedPixelCount.ActiveTILsCell,NuclearComposition.NormalizedPixelCount.UnknownOrAmbiguousCell,NuclearComposition.NormalizedPixelCount.BACKGROUND,Neighborhood.PixelCount.Surround-ALL.Distance-64,Neighborhood.Regions.NormalizedPixelCount.Surround-TUMOR.Distance-64,Neighborhood.Regions.NormalizedPixelCount.Surround-STROMA.Distance-64,Neighborhood.Regions.NormalizedPixelCount.Surround-TILS.Distance-64,Neighborhood.Regions.NormalizedPixelCount.Surround-JUNK.Distance-64,Neighborhood.Regions.NormalizedPixelCount.Surround-WHITE.Distance-64,Neighborhood.Nuclei.NormalizedPixelCount.Surround-CancerEpithelium.Distance-64,Neighborhood.Nuclei.NormalizedPixelCount.Surround-NormalEpithelium.Distance-64,Neighborhood.Nuclei.NormalizedPixelCount.Surround-StromalCellNOS.Distance-64,Neighborhood.Nuclei.NormalizedPixelCount.Surround-TILsCell.Distance-64,Neighborhood.Nuclei.NormalizedPixelCount.Surround-ActiveTILsCell.Distance-64,Neighborhood.Nuclei.NormalizedPixelCount.Surround-UnknownOrAmbiguousCell.Distance-64,Neighborhood.Nuclei.NormalizedPixelCount.Surround-BACKGROUND.Distance-64,Neighborhood.PixelCount.Surround-ALL.Distance-128,Neighborhood.Regions.NormalizedPixelCount.Surround-TUMOR.Distance-128,Neighborhood.Regions.NormalizedPixelCount.Surround-STROMA.Distance-128,Neighborhood.Regions.NormalizedPixelCount.Surround-TILS.Distance-128,Neighborhood.Regions.NormalizedPixelCount.Surround-JUNK.Distance-128,Neighborhood.Regions.NormalizedPixelCount.Surround-WHITE.Distance-128,Neighborhood.Nuclei.NormalizedPixelCount.Surround-CancerEpithelium.Distance-128,Neighborhood.Nuclei.NormalizedPixelCount.Surround-NormalEpithelium.Distance-128,Neighborhood.Nuclei.NormalizedPixelCount.Surround-StromalCellNOS.Distance-128,Neighborhood.Nuclei.NormalizedPixelCount.Surround-TILsCell.Distance-128,Neighborhood.Nuclei.NormalizedPixelCount.Surround-ActiveTILsCell.Distance-128,Neighborhood.Nuclei.NormalizedPixelCount.Surround-UnknownOrAmbiguousCell.Distance-128,Neighborhood.Nuclei.NormalizedPixelCount.Surround-BACKGROUND.Distance-128
TUMOR.1,1,TUMOR,46648,76986,0.6287354547980764,243.7090032863084,0,0.4078620641415731,373.48761692993247,48212,308.88834880013786,240.1975320680331,1948.3229432149742,0.6059283506092017,1.2236684785008864,0.7776192692313226,0.1544262064456034,0.03417931951679042,0.0,0.0022608888396320513,0.0,0.0,0.0,0.9635597916435775,94416.0,0.0304397559735638,0.15721911540416877,0.0,2.1182850364345025e-05,0.15209286561599727,0.0002541942043721403,0.0,0.0008261311642094561,0.0,0.0,0.0,0.3587421623453652,205476.0,0.04100235550623917,0.12773754599077264,0.0,3.8933987424322064e-05,0.0872218653273375,0.0026280441511417393,0.0,0.00041854036481146214,0.0,0.0,1.4600245284120772e-05,0.27310732153633516
TUMOR.4,4,TUMOR,333704,1243845,0.8984181638436184,651.8321325589149,-40,0.1430224564423194,1803.3773870158182,411367,1937.2857485986694,850.7415678275228,29407.911929298116,0.26828423155618264,1.3960820929385147,0.43914098291535175,0.004848896322616754,0.04027827863925953,0.0,0.001289217454020916,0.0,0.0,0.0011900468806346916,0.9572424570260849,647913.0,0.045171188107045235,0.3811700027627166,0.0,0.012114280775351012,0.16062959070122068,0.020288217708241692,0.0,0.013438532642499841,2.46946735132649e-05,0.0,0.008227956531200948,0.8550098547181488,1062302.0,0.048302648399419376,0.34692865117452476,0.0,0.018803504088291276,0.16904703182334213,0.017087419585014432,3.2005964405602174e-05,0.013290006043479161,2.0709741674213172e-05,0.0,0.00643037478984319,0.7753407223181356
TUMOR.16,16,TUMOR,50022,66617,0.8241001128339993,252.3687550128627,-8,0.6344748858447489,391.72439290909625,54202,382.1368249226615,216.4591787448181,2988.7119036079303,0.7508894126123963,1.3148329709317685,0.5664441755610076,0.07037247238242465,0.022016339935532266,0.0,0.0002027287286881424,0.0,0.0,0.0,0.9777809313357796,92913.0,0.019416012829205815,0.34262159224220506,0.0,0.0,0.18249330018404314,0.0016467017532530433,0.0,0.009449700257229882,0.0,0.0,0.0,0.7274762412149,198998.0,0.011497602990984833,0.2620729856581473,0.0,0.0,0.15821264535321963,0.0008140785334525975,0.0,0.01425139951155288,0.0,0.0,0.0,0.5720560005628197
TUMOR.19,19,TUMOR,22153,48851,0.8874887267039334,167.9466452017368,-5,0.2882253447827218,355.735857062512,22153,345.26217595427727,159.1069704042073,2577.001225489276,0.4534809932242943,1.4241617963779831,0.46082942611494654,0.041919216942518565,0.02575674690007294,0.0,0.0,0.0,0.0,9.117432530999271e-05,0.9741520787746171,86093.0,0.15945547257035997,0.5252459549556875,0.0,0.0013241494662748422,0.0118824991578874,0.007642897796568827,0.0,0.0004994598864019142,0.0,0.0,0.0004878445402065209,0.8147003821448898,184148.0,0.1641668657818711,0.38520646436561895,0.0,0.0014662119599452613,0.06397571518561157,0.007944696657036732,0.0,0.0007548276386384864,0.0,0.0,0.0005593327106457849,0.7096900319308382
TUMOR.235,235,TUMOR,4962,16500,0.8495278800329135,79.48468167499873,-1,0.17248931066847428,223.10983842045155,6489,187.96328334108753,99.15885052514079,1023.1025971044413,0.30072727272727273,1.2153770544536548,0.5275437242985493,0.059570089108892096,0.06540127914173716,0.0,0.058180317722302456,0.0,0.0,0.012997730554982464,0.8634206725809779,54856.0,0.0393758203295902,0.3284052792766516,0.0,0.0005651159399154149,0.09663482572553594,0.014164357590783142,0.0,0.048253609450196876,0.0,0.0,0.004101647950998979,0.8167748286422634,130030.0,0.031000538337306774,0.38866415442590174,0.0,0.00037683611474275167,0.11730369914635085,0.008805660232254096,0.0,0.049304006767669,0.0,0.0,0.003945243405367992,0.7449665461816504
TUMOR.245,245,TUMOR,6323,19798,0.941016097530671,89.72565765354096,1,0.13623338288841488,287.6890682664185,6323,312.1356811451929,105.61478929703776,989.4356415871823,0.3193756945145974,1.2070436232755906,0.3383617948116288,0.08116297261180472,0.027986566448104908,0.0,0.005757236526467296,0.0,0.0,0.002718695026387334,0.9635375019990404,61843.0,0.025386866743204565,0.33551089048073346,0.0,0.02608217583234966,0.2051161812978025,0.003298675678734861,0.0,0.031046359329269278,0.00019403974580793298,0.0,0.002894426208301667,0.8155328816519251,144352.0,0.03463755264908003,0.3383465417867435,0.0,0.013467080469962315,0.17471181556195967,0.0074609288406118374,0.0,0.035510418975836844,9.005763688760806e-05,0.0,0.002362281090667258,0.7358540234981157
TUMOR.253,253,TUMOR,4606,12924,0.9096874588952703,76.58029343799983,0,0.19710715508387538,254.12595302329905,4606,208.622786820935,86.63969635751174,900.6589462905454,0.3563912101516558,1.2436146975635654,0.41529354332648366,0.07135313564960359,0.033101045296167246,0.0,0.013066202090592335,0.0,0.0,0.0010888501742160278,0.9527439024390244,54167.0,0.06193808038104381,0.6724943231118578,0.0,0.0008861483929329666,0.04445511104547049,0.008676869680801964,0.0,0.04600587073310318,0.0,0.0,0.0003323056473498625,0.8892868351579375,130182.0,0.07052434284309658,0.5599391620961424,0.0,0.015585872086770829,0.07941958181622652,0.007719961284970272,0.0,0.03821572874898219,0.0,0.0,0.0013289087585073205,0.8569464288457698
TUMOR.323,323,TUMOR,8438,13746,0.9092301614866535,103.65131585501123,-1,0.38215579710144926,197.5854245636555,8438,184.94842970263198,76.99288138940187,985.3279938488575,0.6138513021970028,1.3120961959624575,0.41629378261385797,0.10921637101459075,0.13022317188983856,0.0,0.002849002849002849,0.0,0.0,0.0005935422602089269,0.8663342830009497,46846.0,0.02181616359988046,0.21177902062075737,0.0,0.005080476454766682,0.757396576015028,0.007578021602698203,0.0,0.013555052725953124,0.0,0.0,0.0037996840712120564,0.9750672416001366,116326.0,0.025101868885717724,0.20679813627220053,0.0,0.003679315028454516,0.6847824218145556,0.008519161666351461,0.0,0.011553736911782405,6.877224352251431e-05,0.0,0.0028368550453037153,0.8994034007874422
TUMOR.509,509,TUMOR,7310,17523,0.9164580847578125,96.47476909541706,-1,0.27045025713122944,210.0404722904612,7310,232.964435828242,93.21622330692792,1367.0630585851518,0.4171660103863494,1.3590418867078229,0.40013070224870534,0.0491530131066774,0.11289217701054939,0.0,0.038909439649267026,0.0,0.0,0.0010960405535004796,0.8471023427866831,54579.0,0.04692280913904615,0.6446618662855678,0.0,0.017497572326352625,0.0,0.010590153722127559,0.0,0.08801920152439582,0.0,0.0,0.002656699463163488,0.8987339452903131,127736.0,0.06781956535354168,0.5754524957725309,0.0,0.04745725558965366,0.03881442976138285,0.011962171979708149,0.0,0.07254806789002317,0.0,0.0,0.0024660236738272686,0.8715084236237239
TUMOR.587,587,TUMOR,187340,329606,0.9740743531591998,488.39399700516935,-8,0.4190863943447721,1043.1323022512533,203441,1163.5069003209676,263.2179587083217,7782.776187682359,0.5683755756873358,1.2221668149667178,0.22622810284641184,0.03886612982443653,0.024331487681346037,0.0,0.0010515924113657824,0.0,0.0,6.438320885912955e-05,0.974552536698429,240634.0,0.01395064704073406,0.4199281896988788,0.0,0.02430662333668559,0.14603090170133895,0.004109976146346734,0.0,0.011315940390800968,0.0,0.0,0.0004114131835069026,0.6986751664353333,458227.0,0.01949906923860881,0.31035054678139873,0.0,0.022192057648283494,0.12413934578276706,0.005132827179542017,0.0,0.011016373980581676,0.0,0.0,0.0004910230082470043,0.563607120488317
TUMOR.980,980,TUMOR,4541,11783,0.8267518790027963,76.03802188801583,1,0.20592236531833846,158.95911424010893,4541,172.85593048554125,97.2429963213841,937.286363288515,0.3853857251973182,1.2141956795408493,0.5625667343216674,0.06495562546556599,0.08320459059810197,0.0,0.004634738468329287,0.0,0.0,0.004193334804678879,0.9079673361288899,46059.0,0.043357432857856225,0.2164832063223257,0.0,0.049870817864043945,0.011506980177598297,0.01923619705160772,0.000825028767450444,0.01597950454851386,0.0,0.0,0.0133090166959769,0.9506502529364511,113778.0,0.09342755189931269,0.25023290970134826,0.0,0.08399690625604248,0.005378895744344249,0.03371477790082441,0.0004570303573625833,0.03202728119671641,0.0,0.0,0.008674787744555186,0.9251261228005414
TUMOR.1040,1040,TUMOR,17837,36085,0.581669351357476,150.70094146833023,-7,0.32313405797101447,282.4907078117792,20474,239.37000219438545,194.70962276307017,2355.6631303726513,0.4943051129278093,1.3826408889575057,0.813425328897111,0.040392925362320066,0.12319694673626312,0.0,0.011618117528203402,0.0,0.0,0.0002806308581691643,0.8649043048773644,74398.0,0.07802629102932875,0.3971074491249765,0.0,0.0018414473507352349,0.20421247883007607,0.030162101131750853,0.00028226565230248126,0.021989838436517112,0.0,0.0,0.0020565068953466493,0.9406704481303261,161227.0,0.0655039168377505,0.32897715643161507,0.0,0.0020530060101595885,0.2881155141508556,0.02510745718769189,0.00013025113659622767,0.01989741172384278,0.0,0.0,0.002350722893808109,0.9016976064803042
TUMOR.1088,1088,TUMOR,4919,7479,0.5921623931090166,79.13953070717734,0,0.52196519524618,127.94530081249565,4919,109.02183367584513,87.85182706992886,730.2680733252853,0.6577082497660115,1.3377272161635383,0.8058186521714439,0.11591030761569243,0.119771475209141,0.010201999591920016,0.002652519893899204,0.0,0.0,0.0022444399102224035,0.8651295653948173,37009.0,0.054338133967413334,0.13629117241752006,0.0,0.053176254424599424,0.23818530627685158,0.026344943121943312,5.4040908968088844e-05,0.005674295441649328,0.0,0.0,0.004566456807803507,0.9633602637196358,97641.0,0.06110138159174937,0.13610061347179975,0.0,0.09861635993076678,0.2674286416566811,0.023832201636607573,0.0005735295623764608,0.0066160731659856,0.0,0.0,0.0044858205057301745,0.9644923751293002
TUMOR.1197,1197,TUMOR,9892,30631,0.8558700634933024,112.22693783811545,-1,0.19181694783789024,294.55050500720586,9892,254.88395875467387,131.82366584072696,1485.3645737753168,0.32294081159609545,1.1855286023163503,0.5171909071280841,0.05634142775717331,0.07919270566540314,0.0,0.005532220059420142,0.0,0.0,0.00020489703923778303,0.915070177235939,73031.0,0.059152962440607415,0.45802467445331435,0.0,0.0051895770289329185,0.1699826101244677,0.021976968684531226,0.0,0.014925168763949555,0.0,0.0,0.0014925168763949555,0.8629896893100191,159993.0,0.055902445732000774,0.36384716831361374,0.0,0.004131430750095317,0.24501071921896583,0.022469733050820975,0.0,0.011050483458651316,5.000218759570731e-05,0.0,0.0014563137137249755,0.8077353384210559
TUMOR.1230,1230,TUMOR,33598,77737,0.5309618214324078,206.82916192841859,-1,0.3647516067396213,399.3707550635124,34432,340.7669933229174,288.7644992809357,3403.4265863399423,0.4322008824626626,1.3332684887466524,0.8473957423666818,0.036449411069466,0.02452022302313403,0.0,0.0019714752179404247,0.0,0.0,6.160860056063827e-05,0.973446693158365,115864.0,0.023657046192087274,0.1850876890147069,0.0,0.013308706759649245,0.008794793896292204,0.00592936546295657,0.0,0.0044017123524131745,0.0,0.0,0.00394427950010357,0.5623575916591866,227099.0,0.015433797594881527,0.14277473700896964,0.0,0.007692680284809708,0.05812002694859951,0.004059903390151432,0.0,0.003606356699060762,0.0,0.0,0.00210921228186826,0.4453256068939097
TUMOR.1239,1239,TUMOR,11453,19343,0.8147226315890885,120.75766023673951,0,0.45775379696243007,206.63494380186523,13075,196.24794388684825,113.79454136009423,1148.743253431757,0.5921005014734012,1.2892795113344444,0.5798508718425369,0.10906444084733911,0.03779196920654361,0.0,0.0033242935876126325,0.0,0.0,0.0,0.9588837372058437,53427.0,0.03417747580811201,0.6724128249761356,0.0004679282010968237,0.0,0.08177513242368091,0.007580436857768544,0.0,0.04349860557396073,0.0,0.0,0.0005053624571845696,0.771370280944092,127154.0,0.0675165547289114,0.4900042468188181,0.0006527517813045598,0.0051984208125580005,0.11164414804095821,0.012842694685184893,0.0,0.03651477735659122,0.0,0.0,0.0007628544914041241,0.659523097975683
TUMOR.1352,1352,TUMOR,20402,37044,0.617373928998048,161.17268128217881,-1,0.3859775246887888,285.91082525850607,20402,226.12025779730251,177.88198625008314,1888.95750288788,0.5507504589137242,1.3235032830917632,0.7866698365855356,0.07185189596455387,0.03926532638371805,0.0,0.0009928021841648052,0.0,0.0,0.0007942417473318441,0.9589476296847853,74643.0,0.07785056870704554,0.4654689656096352,1.3397103546213308e-05,0.013222941200112536,0.017858339027102342,0.013678442720683788,0.0,0.014562651554733866,0.0,0.0,0.0004956928312098924,0.6872848090242889,163559.0,0.07109972548132479,0.3881779663607628,0.00017119204690662086,0.006138457681937405,0.06039410854798574,0.01403774784634291,0.0,0.016018684389119523,2.4456006700945836e-05,0.0,0.00022621806198374898,0.5721421627669526
TUMOR.1413,1413,TUMOR,5441,10781,0.9473033895992653,83.23278418330135,1,0.299961409118474,202.6153992173349,5441,206.78399248601085,66.24072340073481,882.6000717874996,0.5046841665893702,1.226982834179998,0.32033777181865786,0.08777294556583265,0.045051983057373894,0.0,0.0036580670003850597,0.0,0.0,0.012514439738159414,0.9387755102040817,46778.0,0.017465475223395612,0.3500363418701099,0.0,0.03651289067510368,0.058467655735602204,0.005173372097994784,0.0,0.04006156740348027,0.0,0.0,0.00019239813587583907,0.492710248407371,115285.0,0.047942056642234464,0.2945829899813506,0.0,0.014832805655549291,0.13691286810946784,0.0068178861083402,0.0,0.022934466756299607,0.0,0.0,0.00019950557314481502,0.5032571453354729
TUMOR.1673,1673,TUMOR,13272,29069,0.8996344521144043,129.99398154424335,1,0.27297408473879065,277.35356496717327,13272,274.2272636970764,119.73964845503264,1931.2417741353422,0.45656885341773024,1.2935143227805672,0.43664385094584307,0.04471702918789707,0.07585363990527844,0.0,0.0003819417920708884,0.00015277671682835536,0.0,0.0,0.9236116415858223,68869.0,0.09811381027748334,0.26668021896644356,0.0,0.0038043241516502345,0.08845779668646271,0.011688858557551293,0.00018876417546356125,0.005967852008886437,2.9040642379009425e-05,0.0,0.0008131379866122639,0.6910366057297187,153524.0,0.08998593053854771,0.19652301920220944,0.0,0.004129647481826946,0.04179802506448503,0.010845209869466663,8.46773142961361e-05,0.010799614392537975,1.3027279122482478e-05,0.0,0.0013287824704932129,0.6073122117714495
TUMOR.1681,1681,TUMOR,9733,18892,0.9146568118435779,111.32133887493151,-2,0.3190310738167038,263.6152499382386,9733,231.7506965252061,93.68087749180236,1418.3767670841364,0.5151916154986238,1.2378927002977578,0.40423126616844174,0.06079577086764195,0.2154036243822076,0.00041186161449752884,0.001441515650741351,0.0,0.0,0.0,0.7827429983525536,57195.0,0.07540868957076667,0.25252207360783285,0.0,0.0015560800769298016,0.6705131567444707,0.04963720604947985,6.993618323280007e-05,0.007063554506512807,0.00013987236646560014,0.0,0.0,0.943089430894309,134258.0,0.06204471986771738,0.2595450550432749,0.0,0.001288563809977804,0.67712166127903,0.039580509168913584,5.9586765779320416e-05,0.008759254569560102,0.00010427684011381073,0.0,0.0,0.9514963726556331
TUMOR.1713,1713,TUMOR,5207,17899,0.9696318090768284,81.42332779637536,1,0.19339622641509435,254.23807739990482,5207,311.2329746463863,76.11803858773688,1048.9026329981912,0.29091010670987205,1.2775352724632847,0.24456932519512092,0.05947399205611391,0.08572529377769215,0.0,0.003467539973030245,0.0,0.0,0.0,0.9108071662492776,57944.0,0.0384164020433522,0.28763979014220625,0.0,0.00013806433798149937,0.2194014910948502,0.016377882093055365,0.0,0.004400800773160293,0.0,0.0,0.00039693497169681073,0.6966899074968935,137270.0,0.04667443724047498,0.23887229547606906,0.0,0.0003496758213739346,0.21943614773803452,0.020040795512493624,0.0,0.004436511983681795,1.4569825890580608e-05,0.0,0.000167552997741677,0.6066875500837765
TUMOR.1729,1729,TUMOR,5074,10187,0.8811055601083834,80.37672206544762,-1,0.32999479708636836,157.49285698088025,5074,159.4837283635601,75.4229884234039,797.1442276647841,0.498085795621871,1.3579962220955608,0.4729196463947042,0.10034286934680209,0.11207748566910457,0.0,0.004151017987744613,0.0,0.0,0.002174342755485274,0.8815971535876655,43045.0,0.07355093506795214,0.35588337786037866,0.0,0.046695318852363804,0.19077709373911023,0.033081658729236844,0.0008131025670809617,0.011848065977465443,0.00011615750958299454,0.0,0.0023928446974096876,0.8740620281101174,107781.0,0.0683979551126822,0.2971952384928698,0.0,0.072767927556805,0.208357688275299,0.024791011402751875,0.0006123528265649789,0.01043783227099396,4.639036564886205e-05,0.0,0.005140052513893914,0.8231042577077593
TUMOR.1855,1855,TUMOR,36259,125329,0.8403914893832655,214.8636606142422,0,0.20371483631010906,543.0230197698804,36259,578.9850345924975,313.79821513197487,4587.603389317829,0.28931053467274137,1.3444576986257704,0.5419798377912013,0.021649803381064568,0.19086051430479795,0.0,0.0,0.0,0.0,0.00019481242346654792,0.8089446732717355,169299.0,0.024312016018995977,0.3174620050915835,0.0,0.0012108754334048046,0.1022510469642467,0.03246327503411125,0.0001358543169185878,0.003555839077608255,2.3626837724971796e-05,0.0,0.0005493239771055942,0.8421018434840135,310308.0,0.04886757673021643,0.3274166312180157,0.0,0.0034191835208889233,0.1268449411552393,0.029538394111656804,0.00014823981334673937,0.003770447426427936,1.289041855189038e-05,0.0,0.0005123941374376426,0.8059992007940497
TUMOR.1880,1880,TUMOR,46148,68041,0.6555612569024296,242.3993781147928,-2,0.5889905680846448,355.30831681794336,47848,306.98725091079655,231.81896627858168,1824.648845022779,0.6782381211328463,1.1855348569575224,0.7551419988641254,0.17418235372781857,0.1264334799036613,0.0,0.005811255717347592,0.0,0.0,0.0011268974965198753,0.8666283668824712,91239.0,0.038886879514242814,0.1855566150440053,0.0,0.00343055053211894,0.11189294051885706,0.014708622409276735,0.00028496585889805894,0.014314054296956345,0.0,0.0,0.004701936671817972,0.4753888139940157,196756.0,0.030067698062574966,0.15784524995425805,0.0,0.017442924231027262,0.06608184756754559,0.009956494338165037,0.00016263798816808637,0.016319705625241415,0.0,0.0,0.003730508853605481,0.42039378722885196
TUMOR.1978,1978,TUMOR,15253,30446,0.8413211896508563,139.35825334670866,1,0.2835762623633524,299.1521352088265,15253,251.15784068349973,135.75973574971337,1658.8559518039654,0.5009853511134468,1.347432717400774,0.5405355269031518,0.06965427619133265,0.061157136121775445,0.0,0.00942951438000943,0.0,0.0,0.0,0.9294133494982151,69399.0,0.05840141788786582,0.563264600354472,0.0,0.00021614144296027321,0.010965575872851194,0.012377699966858313,0.00011527543624547904,0.03956829349126068,0.0,0.0,8.645657718410928e-05,0.5986253404227727,159258.0,0.05875999949767045,0.42277938941842796,0.0,0.00020093182132137788,0.021524821359052607,0.008344949704253476,0.00011302414949327507,0.025355084202991374,0.0,0.0,0.00010674503007698201,0.4973878863228221
TUMOR.2110,2110,TUMOR,6328,12223,0.8748066030370342,89.76112654754345,1,0.3575949367088608,166.02710622064097,6328,174.53768312128943,84.55867238494716,1370.335136523794,0.5177125092039597,1.4109059110909794,0.48447229774550055,0.0423470096064328,0.04067905188981422,0.0,0.005605381165919282,0.0,0.0,0.0,0.9537155669442665,45462.0,0.11805463903919756,0.5476881791386212,0.0,2.1996392591614976e-05,0.0,0.008820553429237606,0.0,0.010162333377326119,0.0,0.0,0.0,0.6756411948440456,111796.0,0.09240938852910659,0.39448638591720636,0.0,4.4724319295860314e-05,0.017236752656624565,0.008909084403735374,0.0,0.010295538301907044,5.366918315503238e-05,0.0,5.366918315503238e-05,0.5397599198540198
TUMOR.2334,2334,TUMOR,26836,50558,0.7218310666491119,184.84765733574451,-1,0.37646068597881743,374.1136191052125,28166,278.89549318186374,193.015007775926,2737.3250352560276,0.5307963131452985,1.209073961151526,0.692069296544938,0.04500646556147394,0.06028050162128375,0.0,0.0017189514396218307,0.0,0.0,0.0010548111106770325,0.9369457358284174,91025.0,0.011304586652018677,0.19510024718483934,0.0,0.0,0.1602636638286185,0.0015160670145564405,0.0,0.00383411150782752,0.00010985992859104642,0.0,5.492996429552321e-05,0.4425597363361714,191122.0,0.019322736262701312,0.17018448948838963,0.0,0.0,0.11419407498875064,0.001857452307949896,0.0,0.003306788334153054,6.278712026872888e-05,0.0,2.6161300111970366e-05,0.349567292096148
TUMOR.2440,2440,TUMOR,44181,87786,0.6122614923585523,237.17714123824038,-6,0.3467896389324961,392.674165180242,49176,331.7515622539368,262.30114389368083,4516.799348810722,0.5032807053516506,1.3511591859516783,0.7906553389277013,0.027213462907607726,0.07761099413615885,0.0,0.004437501415019584,0.0,0.0,0.0009735334737032761,0.9169779709751184,114050.0,0.05832529592284086,0.26006137658921524,0.0,0.07274002630425253,0.04167470407715914,0.01587900043840421,0.0,0.009776413853572995,3.507233669443227e-05,0.0,0.004024550635686103,0.907628233231039,227990.0,0.04430457476205097,0.21136891968946006,0.0,0.06541076362998377,0.021479012237378834,0.011667178385016887,1.7544629150401332e-05,0.007004693188297733,1.7544629150401332e-05,0.0,0.0047809114434843635,0.8618097284968639
TUMOR.2476,2476,TUMOR,6650,12418,0.7719593537072327,92.01653640780462,1,0.3935842803030303,170.74249617479535,6650,160.01089321477548,101.71442747524986,1264.9087296526013,0.5355129650507328,1.4119559891833364,0.6356718935299182,0.052229170645387006,0.17674772036474165,0.0,0.00364741641337386,0.00030395136778115504,0.0,0.00030395136778115504,0.8189969604863222,45382.0,0.07397205940681327,0.17346084350623595,0.0,0.005112159005773214,0.3695518046802697,0.03668855493367414,0.0,0.005508792032083205,0.0,0.0,0.00033052752192499227,0.5796130624476665,111821.0,0.04665492170522532,0.12991298593287487,0.0,0.003255202511156223,0.3860902692696363,0.022661217481510627,0.0,0.0051958040081916635,2.6828592124913925e-05,0.0,0.0005276289784566405,0.5421969039804688
TUMOR.2489,2489,TUMOR,7790,14867,0.8431843998533589,99.5918473244016,0,0.3394335511982571,191.81762171396036,7790,183.68411698902446,98.75307554843349,1028.5828278447966,0.523979282975718,1.2863505066845677,0.5376244673040196,0.09252706421093695,0.06735350933676755,0.0,0.0,0.0,0.0,0.0,0.9326464906632325,49214.0,0.07497866460763197,0.47260942008371604,0.0,0.00046734668996626977,0.0,0.027045149754135002,0.00014223594912016906,0.011907180883488439,0.0,0.0,0.0009346933799325395,0.9599707400333238,119627.0,0.09085741513203541,0.3827313231962684,0.0,0.003669740108838306,0.012146087421735896,0.03057838113469367,0.000158827020655872,0.009145092663027578,3.343726750649937e-05,0.0,0.0026248254992602004,0.9574594364148562
TUMOR.2619,2619,TUMOR,14938,24044,0.5523127170760868,137.91175555134473,-4,0.43757689378405296,202.15835377248203,17124,184.85390299063852,154.1010547668737,1893.893577750951,0.6212776576276826,1.35667357410402,0.8336370088689865,0.05233487321996497,0.1678391959798995,0.0,0.0011390284757118929,0.0,0.0,0.00020100502512562814,0.830820770519263,58082.0,0.04013291553321167,0.2995764608656727,0.0,0.0008264178230777177,0.08035191625632726,0.022692056058675667,6.886815192314314e-05,0.0026686408870217966,6.886815192314314e-05,0.0,0.0030129816466375123,0.9714885851038187,134643.0,0.06820258015641363,0.3632494819634144,0.0,0.0006312990649346791,0.06994050934693968,0.019518281678215725,8.169752605037024e-05,0.0018864701469812764,2.9708191291043722e-05,0.0,0.0014334202297928596,0.9429157104342595
TUMOR.2664,2664,TUMOR,4602,8408,0.997937704215692,76.54703380844498,1,0.10065616797900262,310.16124838541646,4602,349.32095644164343,22.422864317305546,774.2813126546316,0.5473358705994291,1.1908495256934442,0.06418986294356906,0.09646259101871636,0.002662524961171511,0.0035500332815620148,0.00044375416019525185,0.0,0.0,0.0,0.9933436875970713,54857.0,0.01963286362724903,0.1902218495360665,0.0,0.10153672275188216,0.2398782288495543,0.0008750022786517673,0.0,0.02167453561076982,0.0,0.0,0.001950525912827898,0.6543558707184133,134612.0,0.017301577868243545,0.15508275636644578,0.0,0.08251121742489526,0.12692033399696906,0.0010103111163937836,0.0,0.010504264107211838,0.0,0.0,0.0016863281133925653,0.5149838053071049
TUMOR.2765,2765,TUMOR,23976,59588,0.9267733976798876,174.72032315838436,-4,0.30581632653061225,393.47172706561776,23976,442.3138423769673,166.14232875856686,3917.761722863736,0.40236289185742097,1.4051035684935682,0.3756209117619477,0.019629559613230804,0.08166416291103322,0.0,0.0014605241195126022,0.0,0.0,0.0003755633450175263,0.9164997496244367,100973.0,0.04170421795925643,0.5079872837293138,0.0,0.04237766531647074,0.23482515127806444,0.01268655977340477,0.0,0.007100908163568479,7.922910084874175e-05,0.0,0.0006536400820021193,0.9794796628801758,205033.0,0.046675413226163594,0.4893504947983983,0.0,0.04546585183848453,0.2774090024532636,0.01356367023844942,0.0,0.008696161105773217,4.8772636599961954e-05,0.0,0.0005901489028595397,0.9620109933522897
TUMOR.2843,2843,TUMOR,4710,6668,0.8761827854414337,77.44003006005754,0,0.5470383275261324,123.4908903522847,4710,126.17176198494717,60.812135750275296,666.5168106668145,0.7063587282543491,1.3207402626064197,0.4819789689354615,0.13323200269867527,0.03404255319148936,0.0,0.0,0.0,0.0,0.0,0.9659574468085106,34565.0,0.06347461304788081,0.22129321568060176,0.0,0.007724576884131347,0.1623029075654564,0.0053811659192825115,0.0,0.004281787935773181,0.0,0.0,0.009257919861131203,0.8011572399826414,93383.0,0.04556503860445692,0.16275981709733034,0.0,0.01161881712945611,0.1815533876615658,0.004090680316545838,0.0,0.0041013889037619265,4.2834348864354326e-05,0.0,0.009498516860670572,0.7677628690446869
TUMOR.2904,2904,TUMOR,5671,12999,0.9786088920254198,84.97376923611844,0,0.2858943335349869,262.8345487183905,5671,267.7777762334284,55.0897940540881,1014.8954903232549,0.4362643280252327,1.2403212063882068,0.2057295225503142,0.06918737695324802,0.007420494699646643,0.0,0.0019434628975265019,0.0,0.0,0.0,0.9906360424028269,54020.0,0.036079229914846356,0.7047574972232507,0.0,0.004905590522028878,0.13078489448352462,0.010403554239170677,7.404664938911514e-05,0.014253980007404665,0.0,0.0,0.00396149574231766,0.9713069233617179,130484.0,0.051799454339229334,0.5882866864902977,0.0,0.0047592041936176084,0.12645994911253486,0.016224211397565986,3.06550994757978e-05,0.012514944360994451,0.0,0.0,0.005127065387327182,0.9661031237546366
TUMOR.3022,3022,TUMOR,16362,47403,0.9300393327137959,144.33553072946637,-2,0.255050505050505,349.1947880481609,17925,368.9958234521511,135.5911992632995,2402.698664278584,0.34516802734004176,1.2949764170757774,0.36745998367887234,0.035616204678157536,0.07742886990720826,0.0,0.006145148405333989,0.0,0.0,0.0,0.9164259816874577,87631.0,0.04985678584062717,0.23703940386392944,0.0,0.013648138215928153,0.07338727162762036,0.03368670904132099,7.988040761830859e-05,0.010795266515274276,0.0,0.0,0.0006732777213543153,0.8947290342458719,187999.0,0.029282070649311966,0.3318847440677876,0.0,0.006877696157958287,0.08686748333767733,0.016617109665476942,3.7234240607662805e-05,0.008547917808073447,0.0,0.0,0.000691493039856595,0.88354193373369
TUMOR.3103,3103,TUMOR,5242,6565,0.9029208245891751,81.69652191802123,1,0.4788526536950763,129.0348790056394,5242,133.91827620750672,57.55900121205063,485.26197667087547,0.7984767707539985,1.262874929738453,0.4298069153971397,0.27973986099885856,0.004014528770789524,0.0,0.0011470082202255784,0.0,0.0,0.0,0.9948384630089849,34313.0,0.03814880657476758,0.6580887710197302,0.0,0.0583160901116195,0.17690088304724158,0.0008451607262553551,0.0,0.09550316206685512,0.0,0.0,0.0,0.8738961909480372,93494.0,0.0391041136329604,0.43647720709350335,0.0,0.045553725372751194,0.14323913834042826,0.0015188140415427728,0.0,0.04205617472779002,0.0,0.0,9.626286178792221e-05,0.7118424711746208
TUMOR.3109,3109,TUMOR,5637,12975,0.9025471114554086,84.71865977263872,-1,0.2669034090909091,187.38729946290383,5637,191.2899251673031,82.36774289608097,1078.6244584051392,0.4344508670520231,1.366429041018901,0.4305911188163294,0.06088598985502538,0.0752267472879246,0.0040903432331495645,0.0035568202027387516,0.0,0.0,0.0014227280810955006,0.9157033611950915,47652.0,0.041593217493494504,0.5091076974733485,0.0,0.10971207924116512,0.07611432888441198,0.016851338873499537,0.000524636951229749,0.009317552253840343,0.0,0.0,0.009716276336774951,0.9635901955846554,116785.0,0.04498009162135548,0.4627392216466156,0.0,0.11183799289292289,0.06407500963308645,0.013854518987883717,0.0005565783276961938,0.010463672560688444,0.0,0.0,0.01951449244337886,0.9556107376803528
TUMOR.3156,3156,TUMOR,6478,11301,0.8292113357072741,90.81875230806898,-1,0.3472341337907376,183.52111595127138,6478,161.05618550524576,90.01997167954383,1056.3990616607232,0.5732236085302186,1.2926276915425154,0.5589352026259916,0.07294487663541008,0.023664002507443976,0.0,0.005485033693778405,0.0,0.0,0.0,0.9708509637987777,44318.0,0.013989800983798907,0.26770161108353263,0.0,0.09273884200550567,0.12385486709689066,0.0018502640010830814,0.0,0.016968274741639967,0.00013538517081095717,0.0,0.0191795658648856,0.6577462881899002,111420.0,0.022231197271584995,0.24216478190630047,0.0,0.08353975946867707,0.12461856040208222,0.002198887093879016,0.00012565069107880092,0.01973613354873452,5.385029617662897e-05,0.0,0.012385568120624663,0.6887004128522707
TUMOR.3781,3781,TUMOR,11351,20814,0.6683755417283037,120.21872596350717,0,0.3898008241758242,198.2145302443794,12119,178.84834366545815,133.03168944609968,1222.0803025278549,0.5453540885942154,1.2961357610257487,0.7438239947859955,0.09550904428231312,0.17245713259718107,0.0,0.0026034653020917497,0.0,0.0,0.0,0.8249394021007271,55699.0,0.041616546078026534,0.4352322303811559,0.0,0.0021903445304224493,0.02317815400635559,0.014344961309897843,0.0,0.04317851307922943,0.0,0.0,0.0004667947359916695,0.7742867915043358,131698.0,0.04432869140002126,0.40392412944767575,0.0,0.003690261051800331,0.05282540357484548,0.012164193837415906,0.0002581664110312989,0.028610912846056887,6.074503788971739e-05,0.0,0.0008276511412473994,0.7477941958116296
TUMOR.3786,3786,TUMOR,6186,15454,0.9793715222246411,88.74829476520502,1,0.2492344883158743,293.33939387678566,6186,290.8787930145295,58.77725623897876,1056.8082245892128,0.4002847159311505,1.2165743796921606,0.20206786348994102,0.06960291215405873,0.1329770003239391,0.0,0.0029154518950437317,0.0,0.0,0.0,0.8641075477810172,58232.0,0.046022805330402525,0.4474344003297156,0.0,0.0035032284654485505,0.0027991482346476164,0.022685121582634978,0.0,0.031803819205934884,0.0,0.0,0.0004808352795713697,0.8405859321335348,139394.0,0.053911933081768226,0.3119072556924975,0.0,0.004806519649339283,0.030747377935922637,0.01965651319282035,0.00021521729773160968,0.020294991176090793,5.739127939509591e-05,0.0,0.0005236954244802502,0.7992381307660301
TUMOR.3829,3829,TUMOR,6492,9050,0.962681550914593,90.91683630890748,0,0.341109709962169,209.50656314301946,6492,195.04169138001396,52.78544265130426,684.5168106668144,0.7173480662983426,1.1499907089303933,0.27063671504190623,0.17410856608156786,0.13889329316632312,0.0,0.011415887109560806,0.0,0.0,0.04011415887109561,0.8095766608530205,43143.0,0.033331015460213706,0.16489349373015322,0.00023178731196254318,0.12354263727603551,0.0,0.006327793616577429,0.0,0.016317826762163038,0.0,0.0,0.013976774911341354,0.47588253019029736,111054.0,0.022439533920435104,0.11317917409548509,0.0001440740540637888,0.09601635240513624,0.0,0.004574351216525294,0.0,0.008374304392457723,0.0,0.0,0.008239234966772922,0.3926378158373404
TUMOR.3859,3859,TUMOR,15174,26681,0.8652494297936059,138.99689511572322,0,0.38473630831643,278.1150840928985,15174,229.70306512789728,115.15970777471927,1902.9757928511096,0.5687193133690641,1.2754072070414033,0.501341624286115,0.052655460608245726,0.05028639936059678,0.0,0.0005994405221792993,0.0,0.0,0.0008658585320367657,0.9482483015851871,62824.0,0.019912772188972368,0.26924423787087737,0.0,0.0015439959251241564,0.08740290334903858,0.005284604609703298,0.0,0.0042658856487966385,0.0,0.0,0.0017827581815866547,0.7502069272889341,144985.0,0.026809669965858537,0.19706176501017347,0.0,0.0008690554195261578,0.09168534676000965,0.008076697589405801,0.0,0.003814187674587026,0.0,0.0,0.0008345690933544849,0.6393075145704729
TUMOR.3899,3899,TUMOR,5554,12437,0.9853385828124224,84.0926419578972,0,0.17991577583414317,246.0101623917191,5554,282.66617082918464,48.22576248734955,935.6417023478423,0.44657071641071,1.2290964762129355,0.17061030807429875,0.0797253801146684,0.1148989898989899,0.006854256854256854,0.03751803751803752,0.0,0.0,0.0010822510822510823,0.8396464646464646,51157.0,0.07314736986140705,0.6952909670230858,0.0,0.0002736673378032332,0.09332056219090251,0.016595969271067497,0.006685302109193268,0.03221455519283774,0.0,0.0,0.00025411967081728797,0.9442500537560842,124986.0,0.06715952186644904,0.5677115836973741,0.0,0.0038484310242747188,0.10774806778359176,0.015633750980109773,0.003248363816747476,0.03157153601203335,8.00089610036324e-06,0.0,0.00018402061030835454,0.8902997135679196
TUMOR.3900,3900,TUMOR,4298,6438,0.9112846408500576,73.97556058099005,1,0.4235734699911304,151.79591562357663,4298,136.54868945735316,56.22761063079536,493.7888886054566,0.6675986331158745,1.1161005877914951,0.4117770068262453,0.22151015910364497,0.005600933488914819,0.0,0.005834305717619603,0.0,0.0,0.0,0.9885647607934656,36233.0,0.0555294896917175,0.34987442386774487,0.0,0.0,0.010128888030248669,0.0068169900367068695,0.0,0.00982529738084067,0.0,0.0,0.0,0.9833577125824524,97273.0,0.054609192684506494,0.35823918250696496,0.0,4.1121380033513923e-05,0.02239059142824833,0.007699978411275482,0.0,0.016592476843522868,0.0,0.0,0.002035508311658939,0.8775713712952207
TUMOR.3929,3929,TUMOR,5789,19796,0.9167471098616994,85.8532685718596,0,0.13446529777942953,251.5094431626773,5789,220.4250026400611,88.05274972516567,1040.4163056034263,0.29243281471004245,1.2536061553227382,0.39946806700939347,0.06720461751928841,0.07036286608951925,0.0,0.004604899613188432,0.0,0.0,0.0011051759071652237,0.9239270583901271,60434.0,0.057980606943111496,0.2901181454148327,0.0,0.0002151106992752424,0.00845550517920376,0.005725253996094914,0.0,0.016182943376245162,0.0,0.0,0.0009928186120395804,0.7520435516431148,141621.0,0.07932439398111862,0.35219353062045883,0.0,0.00015534419330466527,0.008889924516844254,0.016078124007032856,0.00014122199391333206,0.03036978979106206,0.0,0.0,0.0004236659817399962,0.7233037473256085
TUMOR.3968,3968,TUMOR,4479,9062,0.918171616252797,75.51714984603692,1,0.31979151792089106,150.20652449211386,4479,168.83072830096324,66.88784602505781,653.8599564173221,0.4942617523725447,1.2071570739386532,0.3961828909830995,0.13165017601601356,0.13776881720430106,0.0,0.015456989247311828,0.0,0.0,0.0,0.8467741935483871,40440.0,0.09839268051434223,0.6530662710187932,0.0,0.001582591493570722,0.04562314540059347,0.02851137487636004,0.002917903066271019,0.053288822947576656,0.0,0.0,0.0001483679525222552,0.91513353115727,103444.0,0.08594988592861838,0.5468949383241174,0.0,0.0070859595529948576,0.08380379722361858,0.022408259541394377,0.0023780982947295155,0.03990564943350992,1.9334132477475734e-05,0.0,0.00072502996790534,0.877750280344921
TUMOR.3995,3995,TUMOR,85759,267284,0.9460036942431151,330.44174996047764,-12,0.17756920331041223,889.8651583245633,87328,986.8226779134302,319.8843369399438,7522.994441751838,0.32085347420721033,1.2652327570336313,0.3241558428879215,0.019041803990751952,0.1718360532380191,0.0,0.004902882942200066,0.0,0.0,0.0015872642618633306,0.8216737995579175,258885.0,0.030353245649612764,0.4733568959190374,0.0,0.027363501168472488,0.10065086814608804,0.01721613843984781,0.0003206056743341638,0.036228441199760514,0.0,0.0,0.0012708345404330108,0.7438437916449389,456164.0,0.0383831253671925,0.41927903122561183,0.0,0.016849203356687506,0.08167018879175034,0.016921545759858297,0.0005239343744793539,0.02534395524416657,3.945949263861243e-05,0.0,0.0008067274050560763,0.6271077945651126
TUMOR.4099,4099,TUMOR,24433,67863,0.7575221203415646,176.3776113811337,0,0.2669689685314685,436.4263970018312,24433,367.22410320879965,239.72738148880762,2345.4427842621185,0.3600341865228475,1.1441657377401562,0.6528094953301614,0.05581320640038426,0.006519793752929646,0.0,0.0002982912174542975,0.0,0.0,4.261303106489965e-05,0.9931393019985512,115965.0,0.006338119260121588,0.14170654938990213,0.0,0.0003276850773940413,0.040934764799724056,0.01683266502824128,0.0,0.0015694390548872505,0.0,0.0,3.4493166041478035e-05,0.5261932479627474,223416.0,0.008065671214237118,0.14866885093278906,0.0,0.00021932180327281843,0.0535145199985677,0.010531922512264117,0.0,0.0018351416192215419,0.0,0.0,3.1331686181831206e-05,0.38359830987932825
TUMOR.4153,4153,TUMOR,4575,6570,0.8078360525855488,76.32215220473915,0,0.4666462668298654,129.98846102635417,4575,111.18287653982676,65.53199405456844,616.5756851698602,0.6963470319634704,1.1989252565166004,0.589407254912084,0.1512265950924809,0.19688664766498576,0.0,0.0024117518088138568,0.0,0.0,0.0,0.8007016005262004,34769.0,0.05292070522591964,0.7500934740717305,0.0,0.0003451350340820846,0.0003163737812419109,0.024504587419828007,0.0,0.012798757513877304,0.0,0.0,0.00011504501136069488,0.7662572981679082,93902.0,0.07485463568401099,0.5604885944921301,0.0,0.0009051990372942004,0.016293582671295607,0.032033396519775936,1.0649400438755298e-05,0.013577985559413005,4.259760175502119e-05,0.0,4.259760175502119e-05,0.6068347852015932
TUMOR.4199,4199,TUMOR,7336,10393,0.9263359855954164,96.6461861646757,1,0.5153494906919565,195.57607215607945,7336,177.9299495555586,67.0259172082792,708.7594513539337,0.7058597132685461,1.1534383948677849,0.3766983432283296,0.18351495439127127,0.13772373275037572,0.0,0.019948080338844106,0.0,0.0,0.0,0.8423281869107802,43987.0,0.05972219064723668,0.39245686225475707,0.0,0.0037738422715802395,0.21581376315729647,0.01650487644076659,0.0,0.014231477481983314,0.00011366994793916385,0.0,0.0004546797917566554,0.9686952963375542,112534.0,0.1663052943999147,0.45238772282154727,0.0,0.015995165905415252,0.18147404340021683,0.05455240194074679,0.00015106545577336626,0.015870759059484246,0.00011552064265022127,0.0,0.00040876535091616755,0.9170384061705795
