,Identifier.label,Identifier.RegionClass,Size.Area,Size.ConvexHullArea,Shape.Eccentricity,Shape.EquivalentDiameter,Shape.EulerNumber,Shape.Extent,Shape.MaxFeretDiameter,Size.FilledArea,Size.MajorAxisLength,Size.MinorAxisLength,Size.Perimeter,Shape.Solidity,Shape.FractalDimension,Shape.MinorMajorAxisRatio,Shape.Circularity,NuclearComposition.NormalizedPixelCount.CancerEpithelium,NuclearComposition.NormalizedPixelCount.NormalEpithelium,NuclearComposition.NormalizedPixelCount.StromalCellNOS,NuclearComposition.NormalizedPixelCount.TILsCell,NuclearComposition.NormalizedPixelCount.ActiveTILsCell,NuclearComposition.NormalizedPixelCount.UnknownOrAmbiguousCell,NuclearComposition.NormalizedPixelCount.BACKGROUND,Neighborhood.PixelCount.Surround-ALL.Distance-64,Neighborhood.Regions.NormalizedPixelCount.Surround-TUMOR.Distance-64,Neighborhood.Regions.NormalizedPixelCount.Surround-STROMA.Distance-64,Neighborhood.Regions.NormalizedPixelCount.Surround-TILS.Distance-64,Neighborhood.Regions.NormalizedPixelCount.Surround-JUNK.Distance-64,Neighborhood.Regions.NormalizedPixelCount.Surround-WHITE.Distance-64,Neighborhood.Nuclei.NormalizedPixelCount.Surround-CancerEpithelium.Distance-64,Neighborhood.Nuclei.NormalizedPixelCount.Surround-NormalEpithelium.Distance-64,Neighborhood.Nuclei.NormalizedPixelCount.Surround-StromalCellNOS.Distance-64,Neighborhood.Nuclei.NormalizedPixelCount.Surround-TILsCell.Distance-64,Neighborhood.Nuclei.NormalizedPixelCount.Surround-ActiveTILsCell.Distance-64,Neighborhood.Nuclei.NormalizedPixelCount.Surround-UnknownOrAmbiguousCell.Distance-64,Neighborhood.Nuclei.NormalizedPixelCount.Surround-BACKGROUND.Distance-64,Neighborhood.PixelCount.Surround-ALL.Distance-128,Neighborhood.Regions.NormalizedPixelCount.Surround-TUMOR.Distance-128,Neighborhood.Regions.NormalizedPixelCount.Surround-STROMA.Distance-128,Neighborhood.Regions.NormalizedPixelCount.Surround-TILS.Distance-128,Neighborhood.Regions.NormalizedPixelCount.Surround-JUNK.Distance-128,Neighborhood.Regions.NormalizedPixelCount.Surround-WHITE.Distance-128,Neighborhood.Nuclei.NormalizedPixelCount.Surround-CancerEpithelium.Distance-128,Neighborhood.Nuclei.NormalizedPixelCount.Surround-NormalEpithelium.Distance-128,Neighborhood.Nuclei.NormalizedPixelCount.Surround-StromalCellNOS.Distance-128,Neighborhood.Nuclei.NormalizedPixelCount.Surround-TILsCell.Distance-128,Neighborhood.Nuclei.NormalizedPixelCount.Surround-ActiveTILsCell.Distance-128,Neighborhood.Nuclei.NormalizedPixelCount.Surround-UnknownOrAmbiguousCell.Distance-128,Neighborhood.Nuclei.NormalizedPixelCount.Surround-BACKGROUND.Distance-128
TUMOR.14,14,TUMOR,5786,8878,0.9617695643512916,85.83102006755863,1,0.454588309239472,176.32356620712955,5786,192.63213827802977,52.75423931877447,672.2741699796952,0.6517233611173687,1.2845449527351405,0.2738600100188538,0.16087754970457935,0.2328529258551832,0.0,0.0050355964577183535,0.0,0.0,0.0034728251432540372,0.7586386525438444,40999.0,0.10151467108953877,0.28064099124368885,0.00014634503280567819,0.012610063660089271,0.6050879289738774,0.03995219395595014,9.756335520378545e-05,0.025756725773799363,0.003683016658942901,0.0,0.0023171296860899047,0.9281933705700139,106019.0,0.08649393033324215,0.21212235542685745,7.545817259170526e-05,0.010130259670436431,0.5816127297937163,0.035257831143474284,0.0001320518020354842,0.019968118922080006,0.001990209302106226,0.0,0.0024240937945085314,0.8315962233184618
TUMOR.51,51,TUMOR,196576,405494,0.8743079493950623,500.28825365568935,-10,0.3142360223029311,1040.156238264233,251312,958.8306745673013,465.38919794208897,11063.420161540003,0.4847815257439074,1.3942705981885342,0.48537162012688906,0.02018187655253383,0.043988180150804974,2.037905033625433e-05,0.0025066231913592825,4.075810067250866e-05,0.0,0.0029753413490931323,0.9504687181577338,310889.0,0.03967010733734548,0.39326254708272085,0.0016629729581940822,0.07399103860220207,0.19467076673668093,0.035035012496421554,2.5732656993332025e-05,0.03159648620568756,0.0021004281270807267,0.0,0.0024960677283532066,0.8638774610873977,528287.0,0.056940640220183344,0.28035139990194724,0.00505596389841128,0.04721675907224671,0.20664146571844472,0.028995602768949455,6.0573135435852106e-05,0.02501670493500692,0.004878030313068465,7.0037687847704e-05,0.004641416502772167,0.7488032073475214
TUMOR.131,131,TUMOR,26431,58093,0.9726628860038317,183.44752494077179,-3,0.17920293982046484,565.8312469279158,27012,504.70334574018847,117.20306051059441,3090.2997820866103,0.4549773638820512,1.3222331950610453,0.2322216832914127,0.03477941207047964,0.14857881136950904,0.0008739930080559356,0.004939960480316158,0.0009119927040583675,0.0,0.0002659978720170239,0.8444292445660435,107503.0,0.08034194394575035,0.2724575128135959,4.6510329944280624e-05,0.001990642121615211,0.24707217473000753,0.03022241239779355,3.72082639554245e-05,0.023952819921304522,0.001720882207938383,0.0,0.0013022892384398576,0.86907342120685,226939.0,0.08700575925689281,0.2894390122455814,0.0003216723436694442,0.00159073583650232,0.24111325069732395,0.029422003269601083,1.762588184490105e-05,0.02130528468002415,0.0017537752435676547,0.0,0.0010355205583879369,0.8387011487668492
TUMOR.162,162,TUMOR,16843,39957,0.8103194854772657,146.44170735133602,0,0.28212730318257956,321.645767887594,18094,272.4407401596252,159.64709633990591,1475.6955262170047,0.42152814275345996,1.1384817929787416,0.5859883373036184,0.0971931799118904,0.002303728402546226,0.0,0.0,0.0,0.0,0.0,0.9976962715974538,76589.0,0.069448615336406,0.2872605726670932,0.0,0.00018279387379388685,0.11351499562600373,0.004857094360808993,0.0,0.00571883690869446,3.917011581297575e-05,0.0,0.000796459021530507,0.7241901578555667,171533.0,0.09359715040254644,0.2265103507779844,0.0,0.0009735735980831677,0.10897611538304583,0.011356415383628806,5.829782024450106e-06,0.0069199512630222755,0.00013408498656235243,0.0,0.0007403823171051635,0.5799700349203943
TUMOR.218,218,TUMOR,4331,9577,0.9536633300447361,74.25900934060452,1,0.3172893772893773,195.82900704441107,4331,222.46380141976525,66.93397640527292,565.9310242291875,0.45222929936305734,1.1566358532693317,0.3008758098086066,0.16993038552146958,0.10224613944782406,0.0,0.0,0.0,0.0,0.0,0.897753860552176,44191.0,0.033513611368830756,0.15795071394627866,0.0,0.004231630875065059,0.25568554683080263,0.012943812088434297,0.0,0.00810119707632776,9.051616845058948e-05,0.0,0.00018103233690117896,0.7957502658912449,112022.0,0.0299673278463159,0.12718930210137294,0.0,0.002758386745460713,0.2963882094588563,0.012979593294174358,0.0,0.006864723000839121,0.0002053168127689204,0.0,0.0015889735944725144,0.6191105318598132
TUMOR.221,221,TUMOR,11268,17921,0.563987212826617,119.7783919998754,0,0.5267882187938289,175.90054007876157,11268,161.90453036929205,133.69809317507685,1355.3940110268397,0.6287595558283577,1.2584386601490596,0.825783521128912,0.07707713755022903,0.1116647388557701,0.0009787347628792597,0.013257407242637246,0.05445324317110063,0.0031141560637067355,0.017172346294154286,0.7993593736097517,50236.0,0.10257584202563898,0.3067521299466518,0.05599570029460944,0.030217373994744806,0.5042997053905566,0.03808026116729039,0.00015924834779839159,0.04474878573134804,0.045146906600844014,0.0003583087825463811,0.011147384345887412,0.8603591050242854,120822.0,0.1434093128734833,0.32122461141182895,0.028372316300011587,0.014575160152952276,0.4534770157752727,0.04643194120276108,0.00014070285212957904,0.0395623313634934,0.02556653589578057,0.00014897949049014252,0.007498634354670507,0.8806508748406747
TUMOR.233,233,TUMOR,11877,21633,0.9117034263013257,122.97262326558513,1,0.29688788901387325,337.80023682644156,11877,252.2637194986254,103.64228512468945,1023.9898987322333,0.549022327000416,1.1843877156701106,0.4108489533519869,0.1423394474075223,0.000597473540457494,0.0,0.0008535336292249915,0.0,0.0,0.0027313076135199728,0.9958176852167976,65113.0,0.08886090335263311,0.4505244728395251,1.5357916237924837e-05,0.002011887027168154,0.0056824290080321905,0.005160259855942746,0.0,0.008876875585520557,0.0,0.0,0.001796876199837206,0.8600893830725047,152026.0,0.11342796626892768,0.4476010682383277,6.577822214621183e-05,0.003341533685027561,0.08588004683409417,0.013681870206412062,0.0,0.017076026469156593,0.00013155644429242366,0.0,0.002006235775459461,0.8156039098575244
TUMOR.234,234,TUMOR,4364,5217,0.7828090608909315,74.5413802744774,0,0.6482471776589424,99.98499887483122,4364,98.28233381591583,61.15735983149365,413.5929291125633,0.8364960705386237,1.1915265264752168,0.6222619819553963,0.3205888364358755,0.22132657761400276,0.0,0.013357899585444496,0.004836480884385076,0.0,0.0018424689083371719,0.7586365730078305,30736.0,0.144358407079646,0.35980609057782403,0.0,0.000683237896928683,0.43310775637688703,0.04467074440395627,0.0007483081728266528,0.028988807912545548,0.002667881311816762,0.0,0.00042295679333680374,0.922501301405518,86767.0,0.15173971671257505,0.2805674968594051,0.0,0.000968109995735706,0.3590420321089815,0.053799255477312805,0.0002650777369276338,0.022831260732767065,0.0017172427305311927,0.0,0.0002881279749213411,0.9193933177360056
TUMOR.295,295,TUMOR,6231,13326,0.709333108000905,89.07050916686622,0,0.315334008097166,168.81350656863924,11312,175.74621445494134,123.87883569258838,907.0681092190353,0.4675821701936065,1.2043540880852097,0.7048734226042123,0.09516731549304439,0.2197092084006462,0.0,0.004684975767366721,0.0,0.0,0.013731825525040387,0.7618739903069467,47065.0,0.049272283012854565,0.18657176245617763,0.0,0.013874428981196217,0.22383937108254542,0.01801763518538192,0.0,0.006650377138000638,0.0,0.0,0.0020822267077446085,0.8714118771911187,113781.0,0.07668239864300717,0.19245744017015143,0.0,0.011733066153399953,0.2222603070811471,0.025408460111969487,0.0,0.007241982404795177,3.515525439220959e-05,0.0,0.0016259305156396937,0.8209455005668784
TUMOR.381,381,TUMOR,4398,7693,0.6711629157043166,74.83119348069525,1,0.406845513413506,115.52488909321661,4398,111.38234331839257,82.56883173960192,756.0731598529185,0.5716885480306773,1.3445814344387592,0.741309881617182,0.09668017921120453,0.12585499316005472,0.014363885088919288,0.019835841313269494,0.02051983584131327,0.0,0.011855905152758778,0.8075695394436845,36379.0,0.04615300035734902,0.31990983809340556,2.748838615684873e-05,0.01577833365403117,0.4214244481706479,0.0019241870309794113,8.246515847054619e-05,0.011545122185876467,0.0012919541493718904,0.0,0.005552654003683444,0.9372165260177575,95623.0,0.04696568817125587,0.24268219988914802,1.0457735063739896e-05,0.020235717348336697,0.38924735680746264,0.0078119280926137015,9.411961557365906e-05,0.009328299676855986,0.0005333444882507347,0.0,0.005563515053909624,0.8584545559122805
TUMOR.408,408,TUMOR,23353,35502,0.9304467568280081,172.43538815510075,-1,0.43670874240299207,348.18673151055026,23353,337.4652380535617,123.65641456023324,2152.1778489984126,0.6577939271026985,1.2660911499843368,0.366427117866898,0.06335723693317548,0.16143824462158224,0.000471415102425645,0.01855661266820948,0.01577097797205794,0.0,0.011999657152652781,0.7917630924830719,72616.0,0.12703811832103118,0.23274484961991848,0.04989258565605376,0.021414013440564064,0.5680566266387573,0.047372479894238186,0.00012393962763027432,0.031866255370717196,0.035253938525944696,0.0011429987881458631,0.007450148727553156,0.8767902390657706,164228.0,0.14031712010132255,0.27769320700489564,0.036205762720120806,0.015125313588425848,0.5009986116861924,0.04692866015539372,0.00018876196507294736,0.035255863799108556,0.027656672431010547,0.0007124241907591884,0.01154492534768736,0.8777126921109677
TUMOR.455,455,TUMOR,11415,22454,0.8014895456059076,120.55716238843664,-1,0.32666552197802196,225.39077177204928,11415,218.03784534256957,130.3885472229377,1842.3189386016177,0.5083726730203972,1.3482738714285336,0.5980087861264547,0.04226259370634454,0.14002630425252083,0.0,0.007102148180622534,0.0012275317843051293,0.0,0.021657167908811923,0.8299868478737396,58691.0,0.10071390843570564,0.33504285154452984,0.0,0.005111516246102469,0.28288834744679764,0.036308803734814536,0.0,0.03339523947453613,0.0020446064984409877,0.0,0.005026324308667428,0.923225025983541,136508.0,0.12342133794356375,0.3198420605385765,0.0,0.008014182318984969,0.2497729070823688,0.04360916576317871,0.0,0.026877545638350864,0.0014651155976206523,0.0,0.010636739238725936,0.9053535323937059
TUMOR.464,464,TUMOR,11652,28728,0.8761545804121498,121.80224618312306,0,0.2452020202020202,288.8390555309306,11652,283.0544970120604,136.44082681903203,1363.3767670841366,0.40559732664995823,1.2260006428199848,0.4820302389091474,0.0787732133773467,0.2522979125504682,0.0,0.01013658620393437,0.0003436130916587922,0.0,0.0023193883686968473,0.7349024997852418,67935.0,0.12011481563258998,0.3683373813203798,0.0,0.003989107234856849,0.5074262162361081,0.047560167807463014,0.0,0.04074482961654523,0.0011628762787959078,0.0,0.0005004783984691249,0.9100316478987267,152387.0,0.13493276985569636,0.3357963605819394,6.5622395611174185e-06,0.004442636182876492,0.5244344990058207,0.05552967116617559,0.0,0.035193290766272714,0.0014961906199347714,0.0,0.0005643526022560979,0.9072164948453608
TUMOR.493,493,TUMOR,6217,8791,0.8896089811653547,88.9703897351164,1,0.46174985145573383,163.62457028209425,6217,150.75997670210765,68.85554255124525,724.5168106668144,0.7072005460129678,1.2321835322451817,0.4567229582908435,0.14883113647007082,0.26011933559103373,0.0,0.01451378809869376,0.0006450572488308337,0.0,0.004999193678438961,0.7197226253830027,39160.0,0.14512257405515833,0.3667262512768131,0.0,0.0063585291113381,0.47944330949948927,0.060674157303370786,0.0,0.04573544433094995,0.0018130745658835547,0.0,0.00030643513789581204,0.8914708886618999,102245.0,0.16127928016039905,0.383617780820578,9.78042936084894e-06,0.007521150178492836,0.43861313511663164,0.06333806054085775,0.0,0.040314929825419336,0.0015844295564575285,0.0,0.0015844295564575285,0.8931781505208078
TUMOR.600,600,TUMOR,4578,7842,0.9561586755443274,76.3471717603054,1,0.3071658615136876,155.79473675320358,4578,180.69198248330673,52.9154819209365,593.889393668845,0.5837796480489671,1.1844453581738463,0.2928490860175554,0.16310771883763447,0.2448532632501095,0.0,0.008541392904073587,0.002628120893561104,0.0,0.0,0.7439772229522558,38927.0,0.1535438127777635,0.3075243404320908,0.0,0.001181699077760937,0.5377501477123847,0.06843579006858992,0.0,0.023531225113674312,0.00297993680478845,0.0,0.00023120199347496597,0.9048218460194724,101571.0,0.16044934085516535,0.3025765228263973,0.001250356893207707,0.001338964862017702,0.534384814563212,0.06632798731921513,0.0,0.026710379931279598,0.0042334918431442044,0.0,8.860796880999498e-05,0.9026395329375511
TUMOR.605,605,TUMOR,24004,39121,0.8974840535867628,174.82231560021978,-4,0.3773264587525151,302.4433831314549,28020,322.8791886868903,142.4048672792528,2201.0306627407986,0.6135834973543621,1.2730112091285934,0.44104690630076154,0.06226461348964083,0.19630571654922235,0.0,0.0233498728265855,0.0005420506191885919,0.0,0.030313138473085102,0.7494892215319184,71680.0,0.12222377232142857,0.3372349330357143,0.0,0.019559151785714286,0.3123744419642857,0.04995814732142857,5.580357142857143e-05,0.028292410714285714,0.001381138392857143,0.0,0.00556640625,0.91474609375,160993.0,0.1368817277769841,0.3212437807855,0.0,0.013280080500394427,0.30822458119297114,0.05482225935289112,7.453740224730268e-05,0.02657879535135068,0.0014783251445715032,0.0,0.003919425068170666,0.9131266576807687
TUMOR.609,609,TUMOR,7372,15611,0.9430748385615764,96.88303217688647,0,0.28099866590432626,210.23796041628637,7372,233.09781978492336,77.52381044135343,1279.3940110268395,0.4722311190826981,1.2501427787539652,0.3325805900410555,0.056596107620585465,0.15120228229860072,0.0,0.008966173074310555,0.0006792555359326179,0.0,0.0380383100122266,0.8011139790789295,50681.0,0.13356090053471714,0.35074288194787,0.0,0.0320238353623646,0.20358714311083048,0.048795406562617154,0.00015785008188472997,0.03354314240050512,0.002486138789684497,0.0,0.06371223930072414,0.8513052228645843,122451.0,0.1678957297204596,0.27956488717936157,4.083265959445003e-05,0.027170051694147046,0.18210549525932823,0.056651231921339966,0.0001633306383778001,0.025863406587124646,0.0020089668520469413,0.0,0.041869809148149056,0.8734432548529616
TUMOR.652,652,TUMOR,8783,24075,0.9479547377977152,105.74905636178951,0,0.28963857010948424,270.65845636151846,8783,278.94750275813544,88.8183107435544,1303.6538956566621,0.3648182762201454,1.275029890062325,0.31840511159035295,0.06494236993515676,0.025079799361605107,0.0,0.00729594163246694,0.0,0.0,0.09986320109439124,0.8677610579115367,63350.0,0.05963693764798737,0.27013417521704813,0.001483820047355959,0.02850828729281768,0.1777269139700079,0.010355169692186268,0.0,0.03403314917127072,0.0022415153906866613,0.0,0.04497237569060773,0.9083977900552486,145681.0,0.10103582485018636,0.26313657923819855,0.015911477817972145,0.01803941488594944,0.15862741194802343,0.03524824788407548,0.00020592939367522188,0.025768631461892767,0.011463402914587351,0.00032262271675784763,0.034259786794434414,0.8927313788345769
TUMOR.667,667,TUMOR,12851,20446,0.6219824714993343,127.91560260340243,-1,0.36556295158445695,198.2952344359289,12851,175.82474041825662,137.6762513015401,1252.5483399593904,0.6285336985229385,1.2542709373245622,0.7830311648635575,0.1029337502956623,0.22931920859947033,0.0,0.011761956691073376,0.002570493846393519,0.0,0.003583112634366724,0.7527652282286961,55435.0,0.14862451519797962,0.44116532876341663,3.607828988905926e-05,0.003788220438351222,0.40101019211689365,0.05597546676287544,0.00010823486966717777,0.046522954811941915,0.0029403806259583297,0.0,0.0034815549742942186,0.890971407955263,131861.0,0.19924769264604394,0.376320519334754,1.516748697492056e-05,0.013051622541919142,0.33117449435390295,0.07252333897058266,0.0001516748697492056,0.037236180523429974,0.0026998126815358597,0.0,0.014788299800547546,0.8726006931541548
TUMOR.754,754,TUMOR,259390,607794,0.902695828323049,574.6873980772972,-29,0.29743455671483826,1161.07277980323,271289,1292.1272077161912,555.9755386749274,20973.6382669327,0.4267728868662738,1.4154614752475183,0.4302792599326215,0.007409954586078991,0.1257861391659954,9.68151682260363e-05,0.007245647190036558,0.0026062643286448974,0.0001316686287874094,0.0176474688642419,0.8464859966540678,402431.0,0.04558793929891087,0.300933576190701,0.0014188767763914807,0.025199350944633988,0.22592941398649707,0.01917347321652656,5.218285867639421e-05,0.01880570830775959,0.0018959771985756564,0.0001590334740613919,0.02046810509130758,0.7792938416772067,666575.0,0.054939054119941495,0.27833627123729515,0.0008836214979559689,0.017907962344822413,0.19126879945992575,0.021311930390428686,4.80066009076248e-05,0.01655027566290365,0.0014206953456100213,9.60132018152496e-05,0.015126579904736901,0.6918711322806886
TUMOR.755,755,TUMOR,4855,7021,0.7731567340331696,78.62301183298192,1,0.4483331794256164,130.66751700403586,4855,120.89108127906947,76.67093696035644,638.8010819142764,0.6914969377581541,1.2816867750066565,0.6342149987339959,0.14950916370900488,0.23391933815925542,0.0,0.006825232678386763,0.001034126163391934,0.0,0.002481902792140641,0.7557394002068253,36112.0,0.15324545857332741,0.30554940186087726,2.769162605228179e-05,0.016476517501107665,0.5246732388125831,0.06789986708019495,0.0,0.03555604785112982,0.0016061143110323438,0.0,0.002492246344705361,0.8924457244129376,96426.0,0.13650882542052972,0.33625785576504263,0.00011407711613050422,0.012154398191359177,0.5148818783315703,0.05919565262481073,9.333582228859437e-05,0.036452823927156576,0.0015555970381432394,0.0,0.002478584614108228,0.9002240059734926
TUMOR.785,785,TUMOR,6582,11940,0.8558109593127042,91.54486705133631,1,0.42127496159754224,168.24089871371942,6582,167.47138181961336,86.63105383748041,1085.0620125646253,0.5512562814070352,1.332216362309929,0.5172887026799144,0.07025198878340667,0.12357153740667377,0.0028950175224744783,0.03169282340393113,0.07770836507694652,0.0030473868657626088,0.0012189547463050433,0.7598659149779065,45004.0,0.08008177050928807,0.2863523242378455,0.04381832725979913,0.0015554172962403343,0.5158874766687406,0.0248644564927562,0.00024442271798062395,0.028952981957159365,0.025553284152519777,0.0017998400142209582,0.0006221669184961337,0.917962847746867,111589.0,0.12181308193459929,0.32070365358592695,0.021247614012133813,0.005502334459489735,0.38287824068680604,0.027986629506492576,9.857602451854574e-05,0.026525912052263217,0.014974594270044538,0.0007258779987274731,0.011103244943498016,0.9185851652044557
TUMOR.789,789,TUMOR,6599,8274,0.845041691227608,91.66301192797091,1,0.5738260869565217,148.52945835759317,6599,134.69630313156173,72.02216997516602,514.6934341759517,0.7975586173555717,1.1399344689672746,0.534700420878069,0.3130334417197625,0.0323639774859287,0.0,0.0,0.0,0.0,0.0,0.9676360225140713,37108.0,0.09127411878840143,0.11450361108116848,0.0,0.12474399051417484,0.15498005820847258,0.0015091085480219899,0.0,0.0,0.0,0.0,0.0,0.6708256979627034,99156.0,0.11134979224656097,0.06958731695510105,0.0,0.09149219411835895,0.16172495865101455,0.005113155028440034,0.0,0.0,0.0,0.0,0.003539876558150793,0.6379039089918915
TUMOR.887,887,TUMOR,12774,20661,0.8021811048278444,127.53180757931321,1,0.3917924181082076,225.24875138388668,12774,203.7206885574975,121.63771056232852,1279.920922961421,0.6182662988238711,1.3152120132804717,0.5970807944132678,0.09798745967034929,0.21101708196207491,0.00039178812098417175,0.010578279266572637,0.0005485033693778405,0.0,0.0028208744710860366,0.7746434728099044,55753.0,0.14139149462809175,0.41744838842752857,3.587250910264918e-05,0.01121015909457787,0.42991408534069914,0.05588936918192743,0.00026904381826986886,0.03969293132208132,0.0020447330188510036,0.0,0.003784549710329489,0.8983193729485409,131886.0,0.21742262256797537,0.3594164657355595,3.0329223723518797e-05,0.00959161700256282,0.413334243210045,0.08598334925617579,0.00015164611861759398,0.03371851447462202,0.0018728295649272856,0.0,0.003321049997725308,0.8749526105879321
TUMOR.951,951,TUMOR,4266,6567,0.9197484399065871,73.69966009311172,0,0.4712770658418029,147.80054127099805,4266,137.9423245339953,54.14351463197205,478.6345596729059,0.6496116948378254,1.2066521953682083,0.392508353146018,0.23400363733100735,0.312793979303857,0.0,0.01011288805268109,0.0018814675446848542,0.0,0.009877704609595485,0.6653339604891816,36601.0,0.27316193546624407,0.3342804841397776,0.0,0.007267560995601213,0.3852900193983771,0.10477855796289719,0.0002185732630256004,0.04177481489576788,0.001748586104204803,0.0,0.001639299472692003,0.8498401683014125,97781.0,0.2471339012691627,0.34455569077837206,0.0,0.009603092625356665,0.3986970883914053,0.0951514097830867,0.00012272322843906282,0.03822828565876806,0.0018203945551794316,0.0,0.00658614659289637,0.8580910401816304
TUMOR.999,999,TUMOR,9375,11341,0.6269855434328451,109.25484305920791,0,0.6116656880015658,151.09268678529745,9375,128.81360555265098,100.34977783996494,597.0965004500315,0.8266466801869323,1.0957960533132345,0.7790308904826688,0.3304396007779083,0.2457808160649434,0.0008545182653279214,0.014313180944242684,0.0,0.0,0.0028839991454817347,0.7361674855800042,39681.0,0.20327108691817242,0.34923515032383257,0.0,0.009198356896247574,0.4382702048839495,0.09014389758322623,0.0,0.03772586376351402,0.0027721075577732414,0.0,0.0033265290693278897,0.8660316020261586,103914.0,0.2270338934118598,0.36888196008237584,0.0,0.006640106241699867,0.39743441692168524,0.09215312662393903,5.774005427565102e-05,0.03988875416209558,0.0018669284215793829,0.0,0.002963989452816752,0.8630694612852936
TUMOR.1046,1046,TUMOR,6656,10301,0.9117679906137299,92.05803826802547,1,0.38371958953072755,184.20097719610501,6656,179.60677544954035,73.76551753199819,712.0731598529186,0.6461508591398893,1.2228818690495893,0.4107056504264353,0.1649582136103931,0.23667570009033423,0.0,0.009786208973200844,0.0013550135501355014,0.0,0.009183980728696176,0.7429990966576332,42954.0,0.2007030777110397,0.4124179354658472,0.00034921078362899847,0.008660427433999161,0.37786934860548493,0.07582530148530986,0.0,0.03443218326581925,0.0013270009777901941,0.0,0.002467756204311589,0.8859477580667691,109736.0,0.24034045345192098,0.37981154771451486,0.0007654735000364511,0.011090252970766202,0.36783735510680177,0.09335131588539768,0.0,0.03017241379310345,0.0014671575417365313,5.467667857403222e-05,0.0022326310417729823,0.8727218050594153
TUMOR.1077,1077,TUMOR,8263,36530,0.786852443142134,102.57084555635997,1,0.141678954768355,280.1892217769984,8263,278.9361248365834,172.14296847360643,1721.5128060534576,0.2261976457705995,1.2967786973332682,0.6171411773016404,0.03503701518508227,0.02402069475240207,0.0,0.007637349100763735,0.0,0.0,0.013919684651391968,0.9544222714954422,81356.0,0.07172181523182064,0.3188209843158464,0.0,0.017564777029352475,0.09366242194798172,0.014467279610600325,0.0,0.012279364767196028,0.00011062490781257682,0.0,0.008210826490977924,0.8695117754068539,170335.0,0.09538262835001614,0.3165644171779141,0.0004520503713270907,0.009610473478733084,0.1816714122171016,0.02395866968033581,2.348313617283588e-05,0.01556931928259019,0.001003904071388734,0.0,0.005800334634690463,0.8247688378782987
TUMOR.1099,1099,TUMOR,5418,10174,0.4489677122317847,83.0566785597348,-2,0.36177884615384615,142.30249470757707,5418,120.28776212595434,107.4828869209733,880.2569260369922,0.5325339099665815,1.4016917077551936,0.8935479804539638,0.08786784251551562,0.05057471264367816,0.0,0.0026819923371647508,0.0,0.0,0.0007662835249042146,0.9459770114942528,41737.0,0.08115101708316362,0.33260656012650647,0.0,0.009775498957759303,0.02247406378033879,0.00752330066847162,0.0,0.010781800321058055,0.0,0.0,0.016771689388312527,0.7458370270982582,105951.0,0.06808807845135958,0.24322564204207606,0.0,0.006682334286604185,0.053166086209662955,0.00706930562241036,0.0,0.007399647006635143,0.0,0.0,0.011165538786797671,0.7402478504214213
TUMOR.1126,1126,TUMOR,4840,7374,0.9394840690359892,78.50146111072193,1,0.3618691588785047,148.16544806398016,4840,151.15731687095592,51.785376972092635,519.6467529817256,0.6563601844317873,1.2400662668940359,0.34259259190411656,0.2252365102010677,0.28399418725347725,0.0,0.002283578991073282,0.0,0.0,0.0,0.7137222337554494,37303.0,0.1498807066455781,0.4602310806101386,0.0,0.0037262418572232797,0.22754202074900143,0.04940621397742809,8.042248612712114e-05,0.023456558453743667,0.0004021124306356057,0.0,0.0033509369219633807,0.9233037557301021,98764.0,0.12347616540439836,0.42523591592078086,0.0,0.011735045158154793,0.22817018346766027,0.03453687578469888,0.0006277591025069864,0.023308087967275525,0.0002531286703657203,0.0,0.0031185452189056743,0.9381556032562473
TUMOR.1177,1177,TUMOR,6971,10020,0.6975729157286932,94.21121412203973,0,0.4429406531960859,136.85028315644803,6971,129.71065207401168,92.93947236749825,742.5584412271571,0.6957085828343313,1.2597462004588234,0.7165138011523361,0.1588706483656856,0.23577586206896553,0.0,0.011206896551724138,0.00028735632183908046,0.0,0.003879310344827586,0.7488505747126437,39577.0,0.1796497965990348,0.3831012962073932,0.0,0.004724966520959143,0.4325239406726129,0.0704702226040377,5.053440129368067e-05,0.04414179953003007,0.0014402304368698992,0.0,0.0010359552265204537,0.8828612578012482,103022.0,0.20700432917240977,0.38594669099803924,0.0,0.005222185552600416,0.40182679427695056,0.07954611636349518,0.0002620799440896119,0.03875871173147483,0.0016404263167090524,0.0,0.0009609597949952437,0.8788317058492361
TUMOR.1217,1217,TUMOR,5952,7382,0.617029811819017,87.05355690759389,1,0.6298412698412699,109.48059188732951,5952,104.81883740028606,82.48611244272011,508.67009357883865,0.8062855594689786,1.1746654273123929,0.7869397761751458,0.28906823920581626,0.2485256950294861,0.0,0.007750631844987363,0.0,0.0,0.0021903959561920807,0.7415332771693345,34014.0,0.14252954665725878,0.35350149938260716,8.819897689186806e-05,0.009790086434997354,0.49409066854824485,0.05818192508966896,0.0,0.03048744634562239,0.0009113894278826365,0.0,0.0003233962486035162,0.9100958428882225,92675.0,0.16997032640949555,0.36888049635824116,3.237118964121931e-05,0.021041273266792556,0.44006474237928245,0.06635014836795253,7.553277582951174e-05,0.026328567574858377,0.0005611006204478015,0.0,0.00046398705152414353,0.9062206636093877
TUMOR.1247,1247,TUMOR,79746,200730,0.815472393636575,318.64676482658706,-20,0.3026413662239089,683.0885740517111,92802,645.1852655958629,373.430631813296,9490.546965793335,0.3972799282618443,1.4570755544939034,0.5787959702836873,0.011125929072301345,0.11249357197506553,0.00046407204404921675,0.005744459356068683,0.00038881711798718156,0.0,0.0023956151463081186,0.8785134643605212,215709.0,0.07207858735611403,0.4295601945213227,0.0,0.034555813619274116,0.16957104246925256,0.023670778687954606,0.0003059677621239726,0.020587921690796398,0.0009086315360045246,0.0,0.01317052139688191,0.8990862690012934,375998.0,0.07850307714402736,0.3610896866472694,0.0,0.043040122553843374,0.20759684891940913,0.02554534864547152,0.00017819243719381487,0.018228820366065778,0.0007473444007680892,0.0,0.01074207841531072,0.8557492327086846
TUMOR.1297,1297,TUMOR,6004,9933,0.9404597450936225,87.43300421802923,1,0.34809833024118736,169.29264603047588,6004,189.0209310794112,64.24917593716208,721.6295090390227,0.6044498137521394,1.2472955509690689,0.3399050865439331,0.14488451764657198,0.22746995994659547,0.0,0.005173564753004005,0.0003337783711615487,0.0,0.0006675567423230974,0.7663551401869159,41700.0,0.19201438848920863,0.33191846522781776,0.0002158273381294964,0.008105515587529977,0.46774580335731414,0.07906474820143886,0.0002158273381294964,0.03414868105515587,0.003069544364508393,0.0,0.0015107913669064749,0.8819904076738609,107172.0,0.1747471354458254,0.34955958645914975,0.0002799238607098869,0.00641025641025641,0.46892845146120254,0.07244429515171873,8.397715821296607e-05,0.03512111372373381,0.0022487216810360916,0.0,0.001334303736050461,0.888767588549248
TUMOR.1299,1299,TUMOR,6369,10268,0.7964701708880503,90.05144452155253,1,0.4565591397849462,153.68799562750502,6369,144.4936373645153,87.37209775125791,817.3868683519032,0.6202765874561745,1.2894370057377376,0.6046778207322969,0.1197914440608388,0.18806111198613956,0.001417546070247283,0.006457709875570956,0.001417546070247283,0.0,0.00724523547015278,0.7954008505276422,40970.0,0.15286795216011717,0.3849157920429583,2.44081034903588e-05,0.00629729070051257,0.45589455699292164,0.058799121308274346,0.0,0.041933121796436414,0.0022455455211130093,0.0,0.0002928972418843056,0.896729314132292,104573.0,0.19781396727644804,0.36470216977613723,8.606428045480191e-05,0.006014936934007823,0.4313828617329521,0.07868187773134556,1.9125395656622646e-05,0.03751446358046532,0.0019125395656622646,0.0,0.0006980769414667266,0.8811739167854035
TUMOR.1306,1306,TUMOR,4372,6858,0.8814423733374743,74.6096728955578,0,0.476460331299041,125.7179382586272,4372,131.0708429274372,61.90365632324334,532.8832970144351,0.6375036453776611,1.1993895892079678,0.47229158629516205,0.19347542169807838,0.2224260490713139,0.0,0.008942903003898188,0.0,0.0,0.0,0.7686310479247879,35071.0,0.17952154201477002,0.3117960708277494,0.0005987853212055545,0.05979299136038322,0.44829061047589175,0.06943058367312024,0.0,0.021584785150124033,0.0004847309743092584,0.0,0.0016537880299962932,0.9068461121724501,94222.0,0.18770563138120608,0.34957865466663834,0.00022287788414595316,0.03344229585447135,0.4288276623293923,0.07075842160005094,0.0,0.023073167625395342,0.0005306616289189361,0.0,0.0009339644668973276,0.9047037846787375
TUMOR.1432,1432,TUMOR,4660,6966,0.7045118914835832,77.0278928600923,0,0.5271493212669683,114.69088891450794,4660,108.59295626994876,77.06757220488377,652.3746750430835,0.6689635371805914,1.277733938587993,0.7096921831035086,0.13759466450827998,0.23174671548567735,0.0,0.009476631488261899,0.0017230239069567091,0.0,0.010553521430109843,0.7465001076889942,34676.0,0.05894566847387242,0.48953166455185143,0.00014419194832160573,0.0010958588072442035,0.45028261621871035,0.02422424731802976,0.0,0.030626369823509057,0.0013842427038874149,0.0,0.0,0.9437651401545738,93424.0,0.11117057715362219,0.42379902380544615,5.3519438259976026e-05,0.0008349032368556259,0.46414197636581606,0.04466732317177599,0.0,0.03129816749443398,0.0013058742935434149,0.0,0.0004281555060798082,0.9223004795341668
TUMOR.1464,1464,TUMOR,4550,6390,0.6920066731236646,76.11333607551958,-1,0.49376017362995117,107.0420478129973,4550,103.11152405703427,74.43529181652903,511.60512242138304,0.7120500782472613,1.2168636865053377,0.7218911028349896,0.2184497199662224,0.2788186026008376,0.0,0.009918448313863787,0.0,0.0,0.001102049812651532,0.7101608992726471,33167.0,0.1575361051647722,0.3526095215123466,9.045135224771611e-05,0.007808966744052823,0.48195495522658066,0.06011999879398197,0.0,0.03376850483914735,0.0011758675792203094,0.0,0.0011758675792203094,0.90375976120843,90835.0,0.18256178785710353,0.3637694721197776,0.00033026916937303904,0.007188858920019816,0.4460835580998514,0.07186657125557329,0.00014311664006165024,0.03453514614410745,0.002168767545549623,0.0,0.0008476908680574668,0.8904387075466506
TUMOR.1485,1485,TUMOR,17756,34760,0.6039452210869672,150.35837640889034,-2,0.33932120470876015,256.632032295269,17756,242.8071945105558,193.52360516187258,1611.3006486383874,0.5108170310701956,1.3532736745446894,0.7970258276406194,0.08594128372009585,0.24230465666929754,0.0,0.0060322471530048485,0.0002818807080843387,0.0,0.001522155823655429,0.7498590596459578,70776.0,0.13111789307109756,0.3616762744433141,0.00016954899966090201,0.013592178139482311,0.4934441053464451,0.05605007347123318,8.477449983045101e-05,0.029303718774725897,0.0018791680795749973,0.0,0.0005651633322030067,0.9121171018424324,156243.0,0.13037384074806552,0.37318151853203024,7.680344079414758e-05,0.018362422636534117,0.4763733415257004,0.053916015437491596,3.840172039707379e-05,0.027009210012608566,0.0014720659485544952,0.0,0.0005184232253604962,0.9170458836555878
TUMOR.1692,1692,TUMOR,21461,47220,0.7910872426469827,165.30273400510146,0,0.24720667173497363,374.35411043556076,21461,294.19670158298965,179.96110457948814,1882.337228564847,0.4544896230410843,1.2334763594295068,0.6117033386546079,0.0761140717170099,0.15137529137529138,0.001585081585081585,0.005967365967365967,0.0,0.0,0.020606060606060607,0.8204662004662004,84186.0,0.055222958686717505,0.4702682156177987,1.1878459601358896e-05,0.0029339795215356473,0.2285296842705438,0.02546741738531347,0.000570166060865227,0.01750884945240301,0.0008314921720951227,0.0,0.0010571829045209417,0.9534245599030717,183985.0,0.05991792809196402,0.39896730711742806,5.435225697747099e-06,0.0029404571024811807,0.24966165720031525,0.0250998722721961,0.00029893741337609045,0.016887246242900236,0.0008968122401282713,0.0,0.0016631790635106122,0.9087316900834307
TUMOR.1739,1739,TUMOR,4376,6806,0.822260235671822,74.64379577540971,1,0.4356829948227798,125.15989773086265,4376,114.31795890319903,65.05968569784693,734.6173157302028,0.6429620922715251,1.3440283602625056,0.5691116804572892,0.10189781124407715,0.1679266895761741,0.0,0.01741122565864834,0.0027491408934707906,0.0,0.032073310423825885,0.7798396334478809,34826.0,0.10707517372078332,0.20814908401768795,0.0003158559696778269,0.037127433526675475,0.23534141158904268,0.03425601562051341,0.0002009992534313444,0.021420777579968988,0.00367541491988744,0.0,0.019353356687532304,0.9210934359386665,93540.0,0.13195424417361556,0.1671477442805217,0.00011759675005345307,0.07124224930511011,0.22168056446440026,0.03840068419927304,0.00031002779559546716,0.01397263202907847,0.0027795595467179817,0.0,0.014175753688261706,0.9303613427410733
TUMOR.1745,1745,TUMOR,13130,40985,0.9360268620887134,129.29669455315818,0,0.18749375258821346,363.72792029207767,13130,416.5934836367706,146.61114604737574,1600.1219330881977,0.32036110772233745,1.2444901203786682,0.3519285629902136,0.0644419144075033,0.004044803982576229,0.0,0.0,0.0,0.0,0.004667081518357187,0.9912881144990666,83529.0,0.04640304564881658,0.0966131523183565,0.0,0.10343712961965305,0.12001819727280345,0.007470459361419387,0.0,0.0016401489303116282,3.591567000682398e-05,0.0,0.022136024614205843,0.7543128733733194,183388.0,0.056901214910463065,0.10075904639343905,5.998211442406264e-05,0.08198464457870744,0.10181691277509979,0.009575326629877636,3.817043645167623e-05,0.004264183043601545,0.0006270857417061095,0.0,0.01897615983597618,0.6436298994481645
TUMOR.1790,1790,TUMOR,4927,33216,0.9148991387503447,79.2038587248762,1,0.07738824490308799,393.0203557069277,4927,387.314465234112,156.35207406213425,1369.2447327281723,0.14833212909441232,1.1445157531369752,0.4036825063262931,0.03302404507723634,0.0,0.0,0.0,0.0,0.0,0.001445086705202312,0.9985549132947977,82726.0,0.01947392597248749,0.0744989483354689,1.2088098058651451e-05,0.0013417788845103112,0.057926165897057756,0.00019340956893842322,0.0,0.0002054976669970747,0.0,0.0,0.0022967386311437757,0.618644682445664,184513.0,0.030046663378732123,0.07500826500029809,5.419672326611133e-06,0.0020486361394590085,0.08705077691002802,0.0035282066846238475,0.0,0.0021570295859912308,0.00010839344653222266,0.0,0.0021624492583178423,0.580717889796383
TILS.25,25,TILS,7100,11642,0.731400905186961,95.07891862878782,1,0.41087962962962965,162.78820596099706,7100,142.84738820819294,97.41445311365489,971.0853531617383,0.6098608486514344,1.3260238590242137,0.6819477369210152,0.09461356466443392,0.006068303697431555,0.0004233700254022015,0.015100197572678522,0.19813717188823032,0.0014112334180073384,0.05870731018910528,0.7201524132091448,43017.0,0.17946393286375154,0.29758002650115073,0.03333565799567613,0.02487388706790339,0.4642815631029593,0.052514122323732475,0.0003951925982751005,0.04628402724504266,0.03824069553897296,0.000999604807401725,0.01078643327056745,0.8507799242160077,108643.0,0.17305302688622368,0.3167438307115967,0.014248501974356379,0.01208545419401158,0.47298031166296955,0.04814852314461125,0.00023011146599412756,0.04181585560045286,0.0196239058199792,0.0003957917215098994,0.006581187927432048,0.8832046243200207
